8.519637462235648
8.24773413897281
7.341389728096677
7.522658610271903
4.712990936555891
7.7039274924471295
8.157099697885196
3.0815709969788516
8.338368580060422
8.972809667673715
8.24773413897281
8.066465256797583
8.066465256797583
8.066465256797583
8.157099697885196
7.975830815709969
7.975830815709969
7.975830815709969
8.157099697885196
8.066465256797583
3.716012084592145
3.6253776435045317
8.972809667673715
8.338368580060422
4.350453172205437
7.794561933534743
8.429003021148036
8.429003021148036
8.519637462235648
7.975830815709969
7.975830815709969
4.078549848942598
4.078549848942598
8.338368580060422
2.4471299093655587
6.435045317220544
8.610271903323262
10.422960725075528
6.978851963746223
6.07250755287009
8.338368580060422
5.891238670694864
8.882175226586103
4.803625377643504
8.519637462235648
7.613293051359516
7.613293051359516
8.429003021148036
7.794561933534743
7.613293051359516
7.7039274924471295
3.806646525679758
5.166163141993957
8.338368580060422
7.160120845921449
8.157099697885196
7.43202416918429
8.066465256797583
9.788519637462235
8.338368580060422
9.969788519637461
6.88821752265861
7.794561933534743
8.429003021148036
5.981873111782477
8.066465256797583
7.2507552870090635
7.885196374622356
7.885196374622356
7.794561933534743
7.522658610271903
7.2507552870090635
7.069486404833836
6.525679758308157
7.2507552870090635
7.794561933534743
6.61631419939577
6.88821752265861
7.613293051359516
4.712990936555891
7.160120845921449
7.069486404833836
9.697885196374623
7.341389728096677
7.2507552870090635
6.88821752265861
7.2507552870090635
7.160120845921449
6.978851963746223
6.7975830815709966
6.61631419939577
6.61631419939577
6.61631419939577
6.3444108761329305
6.61631419939577
6.706948640483383
7.160120845921449
7.341389728096677
7.522658610271903
7.522658610271903
7.522658610271903
7.613293051359516
7.341389728096677
7.341389728096677
7.341389728096677
7.160120845921449
7.069486404833836
6.706948640483383
4.984894259818731
6.7975830815709966
6.706948640483383
6.61631419939577
6.525679758308157
6.525679758308157
6.525679758308157
6.435045317220544
6.3444108761329305
4.712990936555891
6.163141993957703
6.525679758308157
6.706948640483383
7.2507552870090635
7.341389728096677
7.341389728096677
7.341389728096677
7.43202416918429
7.2507552870090635
7.160120845921449
7.2507552870090635
7.069486404833836
6.88821752265861
6.88821752265861
6.88821752265861
6.7975830815709966
6.61631419939577
6.61631419939577
6.525679758308157
6.525679758308157
6.61631419939577
6.61631419939577
6.61631419939577
6.525679758308157
6.435045317220544
6.978851963746223
7.2507552870090635
7.43202416918429
7.341389728096677
7.43202416918429
7.341389728096677
7.2507552870090635
7.43202416918429
7.341389728096677
7.160120845921449
5.438066465256798
4.350453172205437
6.61631419939577
6.435045317220544
6.525679758308157
6.61631419939577
6.525679758308157
6.525679758308157
6.525679758308157
6.525679758308157
5.075528700906344
6.253776435045316
6.706948640483383
4.078549848942598
7.7039274924471295
4.622356495468278
7.975830815709969
7.975830815709969
3.716012084592145
7.975830815709969
2.0845921450151055
2.0845921450151055
2.0845921450151055
2.0845921450151055
2.0845921450151055
7.975830815709969
8.066465256797583
7.885196374622356
8.338368580060422
9.697885196374623
8.519637462235648
4.4410876132930515
8.519637462235648
7.43202416918429
7.794561933534743
7.7039274924471295
10.332326283987914
7.341389728096677
7.341389728096677
8.610271903323262
4.712990936555891
2.537764350453172
6.07250755287009
5.347432024169184
4.8942598187311175
5.25679758308157
8.066465256797583
8.066465256797583
7.885196374622356
9.06344410876133
7.522658610271903
7.2507552870090635
7.613293051359516
6.7975830815709966
7.069486404833836
6.706948640483383
6.525679758308157
6.3444108761329305
6.3444108761329305
6.435045317220544
6.163141993957703
6.3444108761329305
6.978851963746223
7.2507552870090635
7.341389728096677
7.160120845921449
7.2507552870090635
6.978851963746223
6.88821752265861
6.978851963746223
6.88821752265861
6.7975830815709966
6.706948640483383
6.706948640483383
6.61631419939577
6.61631419939577
6.525679758308157
6.525679758308157
6.525679758308157
6.435045317220544
6.3444108761329305
6.3444108761329305
2.537764350453172
6.435045317220544
6.61631419939577
4.4410876132930515
6.88821752265861
7.43202416918429
7.069486404833836
7.069486404833836
6.7975830815709966
6.706948640483383
6.88821752265861
7.069486404833836
6.88821752265861
6.7975830815709966
6.7975830815709966
6.706948640483383
6.706948640483383
6.61631419939577
6.525679758308157
6.435045317220544
6.435045317220544
6.435045317220544
6.435045317220544
9.607250755287009
6.61631419939577
6.88821752265861
7.069486404833836
7.069486404833836
5.25679758308157
6.978851963746223
6.7975830815709966
6.88821752265861
6.978851963746223
6.88821752265861
5.075528700906344
6.07250755287009
6.88821752265861
6.88821752265861
6.706948640483383
6.706948640483383
6.7975830815709966
6.525679758308157
7.43202416918429
7.43202416918429
4.350453172205437
4.803625377643504
4.803625377643504
4.803625377643504
4.803625377643504
4.803625377643504
4.803625377643504
5.438066465256798
5.709969788519637
5.709969788519637
5.709969788519637
8.24773413897281
8.338368580060422
7.885196374622356
4.4410876132930515
3.806646525679758
8.791540785498489
4.803625377643504
9.425981873111782
4.712990936555891
8.882175226586103
7.613293051359516
7.613293051359516
7.613293051359516
7.794561933534743
7.613293051359516
8.338368580060422
8.24773413897281
5.619335347432024
10.060422960725075
9.244712990936556
8.24773413897281
8.066465256797583
7.794561933534743
10.51359516616314
8.157099697885196
3.6253776435045317
8.157099697885196
8.066465256797583
8.519637462235648
7.160120845921449
7.7039274924471295
7.613293051359516
7.613293051359516
7.7039274924471295
8.700906344410875
8.791540785498489
7.885196374622356
4.984894259818731
7.522658610271903
8.429003021148036
8.338368580060422
8.429003021148036
9.244712990936556
4.4410876132930515
8.157099697885196
7.885196374622356
7.885196374622356
3.0815709969788516
3.3534743202416917
8.24773413897281
3.806646525679758
5.075528700906344
7.522658610271903
8.157099697885196
9.154078549848942
10.241691842900302
7.43202416918429
7.7039274924471295
7.613293051359516
7.7039274924471295
7.975830815709969
3.806646525679758
8.519637462235648
7.069486404833836
8.157099697885196
8.066465256797583
8.519637462235648
7.522658610271903
8.429003021148036
5.891238670694864
8.338368580060422
7.794561933534743
8.429003021148036
9.516616314199394
8.066465256797583
7.7039274924471295
3.806646525679758
7.069486404833836
7.069486404833836
3.3534743202416917
3.3534743202416917
3.3534743202416917
3.3534743202416917
3.3534743202416917
3.3534743202416917
3.3534743202416917
3.3534743202416917
3.3534743202416917
3.3534743202416917
3.3534743202416917
3.3534743202416917
3.3534743202416917
3.3534743202416917
3.3534743202416917
3.3534743202416917
3.3534743202416917
3.3534743202416917
3.3534743202416917
3.3534743202416917
3.3534743202416917
3.3534743202416917
3.3534743202416917
3.3534743202416917
3.3534743202416917
3.3534743202416917
3.3534743202416917
3.3534743202416917
3.3534743202416917
3.3534743202416917
8.157099697885196
8.157099697885196
8.157099697885196
8.157099697885196
8.157099697885196
8.157099697885196
8.429003021148036
8.429003021148036
8.429003021148036
8.429003021148036
8.429003021148036
8.429003021148036
8.429003021148036
8.429003021148036
11.148036253776434
11.148036253776434
11.148036253776434
11.148036253776434
11.148036253776434
11.148036253776434
10.060422960725075
10.060422960725075
10.060422960725075
10.060422960725075
10.060422960725075
8.519637462235648
8.519637462235648
9.06344410876133
9.06344410876133
9.06344410876133
9.06344410876133
9.06344410876133
9.06344410876133
5.891238670694864
5.891238670694864
8.24773413897281
8.24773413897281
7.522658610271903
5.528700906344411
10.241691842900302
2.2658610271903323
7.794561933534743
7.613293051359516
6.163141993957703
3.0815709969788516
8.429003021148036
8.429003021148036
5.619335347432024
5.619335347432024
5.619335347432024
4.531722054380665
4.531722054380665
4.531722054380665
2.3564954682779455
5.80060422960725
3.8972809667673713
2.809667673716012
3.8972809667673713
7.885196374622356
3.6253776435045317
7.613293051359516
8.972809667673715
7.613293051359516
7.522658610271903
7.613293051359516
5.347432024169184
7.885196374622356
6.3444108761329305
8.882175226586103
7.885196374622356
5.438066465256798
7.160120845921449
7.885196374622356
4.259818731117824
8.882175226586103
8.157099697885196
8.157099697885196
8.066465256797583
8.066465256797583
7.975830815709969
7.975830815709969
7.975830815709969
10.51359516616314
8.24773413897281
8.066465256797583
7.522658610271903
7.43202416918429
7.522658610271903
2.3564954682779455
5.528700906344411
8.519637462235648
6.978851963746223
7.341389728096677
1.7220543806646524
10.694864048338369
8.24773413897281
8.519637462235648
8.157099697885196
8.066465256797583
8.066465256797583
3.1722054380664653
10.51359516616314
10.51359516616314
10.51359516616314
2.809667673716012
2.809667673716012
8.157099697885196
8.066465256797583
8.791540785498489
5.347432024169184
4.803625377643504
4.984894259818731
5.25679758308157
5.438066465256798
5.528700906344411
5.075528700906344
8.338368580060422
6.88821752265861
4.712990936555891
6.7975830815709966
5.619335347432024
6.978851963746223
6.435045317220544
6.435045317220544
7.7039274924471295
7.069486404833836
6.978851963746223
6.07250755287009
6.88821752265861
5.891238670694864
5.891238670694864
5.075528700906344
5.075528700906344
7.522658610271903
7.7039274924471295
6.07250755287009
6.435045317220544
6.706948640483383
5.981873111782477
5.619335347432024
6.61631419939577
6.253776435045316
6.253776435045316
6.253776435045316
6.253776435045316
6.253776435045316
9.425981873111782
6.253776435045316
6.525679758308157
5.347432024169184
6.88821752265861
6.88821752265861
6.88821752265861
6.88821752265861
6.88821752265861
6.88821752265861
6.88821752265861
6.88821752265861
6.88821752265861
6.88821752265861
6.88821752265861
6.88821752265861
6.88821752265861
6.88821752265861
6.88821752265861
6.88821752265861
6.88821752265861
6.88821752265861
6.88821752265861
6.88821752265861
6.88821752265861
6.88821752265861
6.88821752265861
6.88821752265861
6.88821752265861
6.88821752265861
6.88821752265861
6.88821752265861
6.88821752265861
6.88821752265861
6.88821752265861
6.88821752265861
6.88821752265861
6.88821752265861
6.88821752265861
6.88821752265861
6.88821752265861
6.88821752265861
6.88821752265861
6.88821752265861
6.88821752265861
6.88821752265861
6.88821752265861
6.88821752265861
6.88821752265861
6.88821752265861
6.88821752265861
6.88821752265861
6.88821752265861
6.88821752265861
6.88821752265861
6.88821752265861
6.88821752265861
6.88821752265861
6.88821752265861
6.88821752265861
6.88821752265861
8.519637462235648
8.24773413897281
7.341389728096677
7.522658610271903
4.712990936555891
7.7039274924471295
8.157099697885196
3.0815709969788516
8.338368580060422
8.972809667673715
8.24773413897281
8.066465256797583
8.066465256797583
8.066465256797583
8.157099697885196
7.975830815709969
7.975830815709969
7.975830815709969
8.157099697885196
8.066465256797583
3.716012084592145
3.6253776435045317
8.972809667673715
8.338368580060422
4.350453172205437
7.794561933534743
8.429003021148036
8.429003021148036
8.519637462235648
7.975830815709969
7.975830815709969
4.078549848942598
4.078549848942598
8.338368580060422
2.4471299093655587
6.435045317220544
8.610271903323262
10.422960725075528
6.978851963746223
6.07250755287009
8.338368580060422
5.891238670694864
8.882175226586103
4.803625377643504
8.519637462235648
7.613293051359516
7.613293051359516
8.429003021148036
7.794561933534743
7.613293051359516
7.7039274924471295
3.806646525679758
5.166163141993957
8.338368580060422
7.160120845921449
8.157099697885196
8.519637462235648
8.24773413897281
7.341389728096677
7.522658610271903
4.712990936555891
7.7039274924471295
8.157099697885196
3.0815709969788516
8.338368580060422
8.972809667673715
8.24773413897281
8.066465256797583
8.066465256797583
8.066465256797583
8.157099697885196
7.975830815709969
7.975830815709969
7.975830815709969
8.157099697885196
8.066465256797583
3.716012084592145
3.6253776435045317
8.972809667673715
8.338368580060422
4.350453172205437
7.794561933534743
8.429003021148036
8.429003021148036
8.519637462235648
7.975830815709969
7.975830815709969
4.078549848942598
4.078549848942598
8.338368580060422
2.4471299093655587
6.435045317220544
8.610271903323262
10.422960725075528
6.978851963746223
6.07250755287009
8.338368580060422
5.891238670694864
8.882175226586103
4.803625377643504
8.519637462235648
7.613293051359516
7.613293051359516
8.429003021148036
7.794561933534743
7.613293051359516
7.7039274924471295
3.806646525679758
5.166163141993957
8.338368580060422
7.160120845921449
8.157099697885196
7.43202416918429
8.066465256797583
9.788519637462235
8.338368580060422
9.969788519637461
6.88821752265861
7.794561933534743
8.429003021148036
5.981873111782477
8.066465256797583
7.2507552870090635
7.885196374622356
7.885196374622356
7.794561933534743
7.522658610271903
7.2507552870090635
7.069486404833836
6.525679758308157
7.2507552870090635
7.794561933534743
6.61631419939577
6.88821752265861
7.613293051359516
4.712990936555891
7.160120845921449
7.069486404833836
9.697885196374623
7.341389728096677
7.2507552870090635
6.88821752265861
7.2507552870090635
7.160120845921449
6.978851963746223
6.7975830815709966
6.61631419939577
6.61631419939577
6.61631419939577
6.3444108761329305
6.61631419939577
6.706948640483383
7.160120845921449
7.341389728096677
7.522658610271903
7.522658610271903
7.522658610271903
7.613293051359516
7.341389728096677
7.341389728096677
7.341389728096677
7.160120845921449
7.069486404833836
6.706948640483383
4.984894259818731
6.7975830815709966
6.706948640483383
6.61631419939577
6.525679758308157
6.525679758308157
6.525679758308157
6.435045317220544
6.3444108761329305
4.712990936555891
6.163141993957703
6.525679758308157
6.706948640483383
7.2507552870090635
